-0.7416513815428516 0.6081972362886505 -0.2829299383706623
-0.3827251736331291 -0.7300712706849459 -0.5661425449371912
-0.5508853507973056 -0.3115959908139316 0.7742307593899985

-0.8116196105761322 0.5591064017939327 -0.16933292415029316
-0.2887900189689228 -0.6359620798708243 -0.7156483479407358
-0.5078128914001462 -0.531932575087686 0.6776236439856616

-0.8263425088379914 0.5439555001331049 -0.1458439987187606
-0.2794504759954573 -0.620891127129806 -0.7323944563671898
-0.4889432375575375 -0.5644524976704619 0.6650773551402352

-0.8287006482164123 0.5412495336680377 -0.14249272946304836
-0.2776988068567003 -0.6186660030405624 -0.7349392827657124
-0.48594095147050825 -0.569474599070008 0.6629932674605307

-0.8290245922778725 0.5408732016541656 -0.14203663305950026
-0.2774581919939754 -0.6183646753816244 -0.7352836731055659
-0.4855256708907791 -0.5701590198993177 0.662709223516248

-0.8290685617214268 0.5408220214489319 -0.1419748607361701
-0.2774255176915935 -0.6183239137611266 -0.7353302794014906
-0.48546925968460164 -0.5702517678946852 0.6626707471393851

-0.829074514206406 0.5408150912021759 -0.14196649964478916
-0.27742109395156506 -0.6183183966772212 -0.7353365875306541
-0.4854616220919308 -0.5702643224492416 0.6626655385768743

-0.8290753198002654 0.5408141532624046 -0.14196536806262292
-0.2774204952511252 -0.6183176499783055 -0.7353374412743625
-0.4854605884237235 -0.5702660215692099 0.6626648336307863

-0.8290754288269497 0.5408140263233018 -0.14196521492037673
-0.2774204142253264 -0.6183175489264734 -0.7353375568136084
-0.4854604485294945 -0.5702662515190053 0.6626647382289211

-0.8290754435824175 0.5408140091434105 -0.1419651941950861
-0.2774204032595169 -0.6183175352513326 -0.7353375724495819
-0.4854604295964239 -0.5702662826390389 0.6626647253182468

-0.8290754455793803 0.5408140068183172 -0.14196519139024547
-0.27742040177544064 -0.6183175334006665 -0.7353375745656334
-0.48546042703407355 -0.5702662868506542 0.6626647235710246

-0.8290754458496399 0.5408140065036504 -0.14196519101065155
-0.277420401574593 -0.6183175331502058 -0.73533757485201
-0.4854604266872974 -0.5702662874206341 0.6626647233345636

-0.8290754458862153 0.5408140064610657 -0.14196519095927884
-0.27742040154741143 -0.6183175331163092 -0.7353375748907675
-0.4854604266403668 -0.5702662874977729 0.6626647233025617

-0.8290754458911647 0.5408140064553022 -0.14196519095232613
-0.2774204015437327 -0.6183175331117216 -0.7353375748960127
-0.48546042663401523 -0.5702662875082126 0.6626647232982306

-0.829075445891835 0.5408140064545223 -0.14196519095138532
-0.27742040154323494 -0.6183175331111007 -0.7353375748967226
-0.4854604266331558 -0.5702662875096254 0.6626647232976445

-0.8290754458919254 0.5408140064544165 -0.1419651909512579
-0.27742040154316744 -0.6183175331110167 -0.7353375748968186
-0.4854604266330393 -0.5702662875098167 0.6626647232975651

-0.8290754458919378 0.5408140064544023 -0.14196519095124058
-0.27742040154315833 -0.6183175331110052 -0.7353375748968317
-0.4854604266330236 -0.5702662875098427 0.6626647232975543

-0.8290754458919396 0.5408140064544004 -0.14196519095123816
-0.2774204015431571 -0.6183175331110037 -0.7353375748968336
-0.4854604266330214 -0.5702662875098463 0.6626647232975528

-0.8290754458919396 0.5408140064544 -0.1419651909512378
-0.277420401543157 -0.6183175331110033 -0.7353375748968338
-0.4854604266330211 -0.5702662875098468 0.6626647232975525

-0.8290754458919398 0.5408140064544001 -0.1419651909512376
-0.27742040154315695 -0.6183175331110033 -0.735337574896834
-0.4854604266330211 -0.5702662875098471 0.6626647232975524

-0.82907544589194 0.5408140064544 -0.14196519095123775
-0.27742040154315695 -0.6183175331110031 -0.7353375748968338
-0.48546042663302114 -0.5702662875098469 0.6626647232975524

-0.8290754458919398 0.5408140064544001 -0.14196519095123766
-0.2774204015431569 -0.6183175331110033 -0.735337574896834
-0.4854604266330211 -0.5702662875098471 0.6626647232975524

-0.82907544589194 0.5408140064544 -0.14196519095123777
-0.2774204015431569 -0.6183175331110032 -0.7353375748968338
-0.48546042663302114 -0.5702662875098469 0.6626647232975524

-0.8290754458919398 0.5408140064544001 -0.1419651909512377
-0.27742040154315684 -0.6183175331110035 -0.735337574896834
-0.4854604266330211 -0.5702662875098471 0.6626647232975524

-0.82907544589194 0.5408140064543999 -0.14196519095123783
-0.27742040154315684 -0.6183175331110032 -0.7353375748968338
-0.48546042663302114 -0.5702662875098469 0.6626647232975524

-0.8290754458919398 0.5408140064544 -0.14196519095123775
-0.2774204015431568 -0.6183175331110035 -0.735337574896834
-0.4854604266330211 -0.5702662875098471 0.6626647232975523

-0.82907544589194 0.5408140064543999 -0.14196519095123786
-0.27742040154315684 -0.6183175331110032 -0.7353375748968338
-0.48546042663302114 -0.5702662875098469 0.6626647232975524

-0.8290754458919398 0.5408140064544 -0.14196519095123775
-0.2774204015431568 -0.6183175331110035 -0.735337574896834
-0.4854604266330211 -0.5702662875098471 0.6626647232975523

-0.82907544589194 0.5408140064543999 -0.14196519095123786
-0.27742040154315684 -0.6183175331110032 -0.7353375748968338
-0.48546042663302114 -0.5702662875098469 0.6626647232975524

-0.8290754458919398 0.5408140064544 -0.14196519095123775
-0.2774204015431568 -0.6183175331110035 -0.735337574896834
-0.4854604266330211 -0.5702662875098471 0.6626647232975523

-0.82907544589194 0.5408140064543999 -0.14196519095123786
-0.27742040154315684 -0.6183175331110032 -0.7353375748968338
-0.48546042663302114 -0.5702662875098469 0.6626647232975524

-0.8290754458919398 0.5408140064544 -0.14196519095123775
-0.2774204015431568 -0.6183175331110035 -0.735337574896834
-0.4854604266330211 -0.5702662875098471 0.6626647232975523

-0.82907544589194 0.5408140064543999 -0.14196519095123786
-0.27742040154315684 -0.6183175331110032 -0.7353375748968338
-0.48546042663302114 -0.5702662875098469 0.6626647232975524

-0.8290754458919398 0.5408140064544 -0.14196519095123775
-0.2774204015431568 -0.6183175331110035 -0.735337574896834
-0.4854604266330211 -0.5702662875098471 0.6626647232975523

-0.82907544589194 0.5408140064543999 -0.14196519095123786
-0.27742040154315684 -0.6183175331110032 -0.7353375748968338
-0.48546042663302114 -0.5702662875098469 0.6626647232975524

-0.8290754458919398 0.5408140064544 -0.14196519095123775
-0.2774204015431568 -0.6183175331110035 -0.735337574896834
-0.4854604266330211 -0.5702662875098471 0.6626647232975523

-0.82907544589194 0.5408140064543999 -0.14196519095123786
-0.27742040154315684 -0.6183175331110032 -0.7353375748968338
-0.48546042663302114 -0.5702662875098469 0.6626647232975524

-0.8290754458919398 0.5408140064544 -0.14196519095123775
-0.2774204015431568 -0.6183175331110035 -0.735337574896834
-0.4854604266330211 -0.5702662875098471 0.6626647232975523

-0.82907544589194 0.5408140064543999 -0.14196519095123786
-0.27742040154315684 -0.6183175331110032 -0.7353375748968338
-0.48546042663302114 -0.5702662875098469 0.6626647232975524

-0.8290754458919398 0.5408140064544 -0.14196519095123775
-0.2774204015431568 -0.6183175331110035 -0.735337574896834
-0.4854604266330211 -0.5702662875098471 0.6626647232975523

-0.82907544589194 0.5408140064543999 -0.14196519095123786
-0.27742040154315684 -0.6183175331110032 -0.7353375748968338
-0.48546042663302114 -0.5702662875098469 0.6626647232975524

-0.8290754458919398 0.5408140064544 -0.14196519095123775
-0.2774204015431568 -0.6183175331110035 -0.735337574896834
-0.4854604266330211 -0.5702662875098471 0.6626647232975523

-0.82907544589194 0.5408140064543999 -0.14196519095123786
-0.27742040154315684 -0.6183175331110032 -0.7353375748968338
-0.48546042663302114 -0.5702662875098469 0.6626647232975524

-0.8290754458919398 0.5408140064544 -0.14196519095123775
-0.2774204015431568 -0.6183175331110035 -0.735337574896834
-0.4854604266330211 -0.5702662875098471 0.6626647232975523

-0.82907544589194 0.5408140064543999 -0.14196519095123786
-0.27742040154315684 -0.6183175331110032 -0.7353375748968338
-0.48546042663302114 -0.5702662875098469 0.6626647232975524

-0.8290754458919398 0.5408140064544 -0.14196519095123775
-0.2774204015431568 -0.6183175331110035 -0.735337574896834
-0.4854604266330211 -0.5702662875098471 0.6626647232975523

-0.82907544589194 0.5408140064543999 -0.14196519095123786
-0.27742040154315684 -0.6183175331110032 -0.7353375748968338
-0.48546042663302114 -0.5702662875098469 0.6626647232975524

-0.8290754458919398 0.5408140064544 -0.14196519095123775
-0.2774204015431568 -0.6183175331110035 -0.735337574896834
-0.4854604266330211 -0.5702662875098471 0.6626647232975523

-0.82907544589194 0.5408140064543999 -0.14196519095123786
-0.27742040154315684 -0.6183175331110032 -0.7353375748968338
-0.48546042663302114 -0.5702662875098469 0.6626647232975524

-0.8290754458919398 0.5408140064544 -0.14196519095123775
-0.2774204015431568 -0.6183175331110035 -0.735337574896834
-0.4854604266330211 -0.5702662875098471 0.6626647232975523

-0.82907544589194 0.5408140064543999 -0.14196519095123786
-0.27742040154315684 -0.6183175331110032 -0.7353375748968338
-0.48546042663302114 -0.5702662875098469 0.6626647232975524

-0.8290754458919398 0.5408140064544 -0.14196519095123775
-0.2774204015431568 -0.6183175331110035 -0.735337574896834
-0.4854604266330211 -0.5702662875098471 0.6626647232975523

-0.82907544589194 0.5408140064543999 -0.14196519095123786
-0.27742040154315684 -0.6183175331110032 -0.7353375748968338
-0.48546042663302114 -0.5702662875098469 0.6626647232975524

-0.8290754458919398 0.5408140064544 -0.14196519095123775
-0.2774204015431568 -0.6183175331110035 -0.735337574896834
-0.4854604266330211 -0.5702662875098471 0.6626647232975523

-0.82907544589194 0.5408140064543999 -0.14196519095123786
-0.27742040154315684 -0.6183175331110032 -0.7353375748968338
-0.48546042663302114 -0.5702662875098469 0.6626647232975524

-0.8290754458919398 0.5408140064544 -0.14196519095123775
-0.2774204015431568 -0.6183175331110035 -0.735337574896834
-0.4854604266330211 -0.5702662875098471 0.6626647232975523

-0.82907544589194 0.5408140064543999 -0.14196519095123786
-0.27742040154315684 -0.6183175331110032 -0.7353375748968338
-0.48546042663302114 -0.5702662875098469 0.6626647232975524

-0.8290754458919398 0.5408140064544 -0.14196519095123775
-0.2774204015431568 -0.6183175331110035 -0.735337574896834
-0.4854604266330211 -0.5702662875098471 0.6626647232975523

-0.82907544589194 0.5408140064543999 -0.14196519095123786
-0.27742040154315684 -0.6183175331110032 -0.7353375748968338
-0.48546042663302114 -0.5702662875098469 0.6626647232975524

-0.8290754458919398 0.5408140064544 -0.14196519095123775
-0.2774204015431568 -0.6183175331110035 -0.735337574896834
-0.4854604266330211 -0.5702662875098471 0.6626647232975523

-0.82907544589194 0.5408140064543999 -0.14196519095123786
-0.27742040154315684 -0.6183175331110032 -0.7353375748968338
-0.48546042663302114 -0.5702662875098469 0.6626647232975524

-0.8290754458919398 0.5408140064544 -0.14196519095123775
-0.2774204015431568 -0.6183175331110035 -0.735337574896834
-0.4854604266330211 -0.5702662875098471 0.6626647232975523

-0.82907544589194 0.5408140064543999 -0.14196519095123786
-0.27742040154315684 -0.6183175331110032 -0.7353375748968338
-0.48546042663302114 -0.5702662875098469 0.6626647232975524

-0.8290754458919398 0.5408140064544 -0.14196519095123775
-0.2774204015431568 -0.6183175331110035 -0.735337574896834
-0.4854604266330211 -0.5702662875098471 0.6626647232975523

-0.82907544589194 0.5408140064543999 -0.14196519095123786
-0.27742040154315684 -0.6183175331110032 -0.7353375748968338
-0.48546042663302114 -0.5702662875098469 0.6626647232975524

-0.8290754458919398 0.5408140064544 -0.14196519095123775
-0.2774204015431568 -0.6183175331110035 -0.735337574896834
-0.4854604266330211 -0.5702662875098471 0.6626647232975523

-0.82907544589194 0.5408140064543999 -0.14196519095123786
-0.27742040154315684 -0.6183175331110032 -0.7353375748968338
-0.48546042663302114 -0.5702662875098469 0.6626647232975524

-0.8290754458919398 0.5408140064544 -0.14196519095123775
-0.2774204015431568 -0.6183175331110035 -0.735337574896834
-0.4854604266330211 -0.5702662875098471 0.6626647232975523

-0.82907544589194 0.5408140064543999 -0.14196519095123786
-0.27742040154315684 -0.6183175331110032 -0.7353375748968338
-0.48546042663302114 -0.5702662875098469 0.6626647232975524

-0.8290754458919398 0.5408140064544 -0.14196519095123775
-0.2774204015431568 -0.6183175331110035 -0.735337574896834
-0.4854604266330211 -0.5702662875098471 0.6626647232975523

-0.82907544589194 0.5408140064543999 -0.14196519095123786
-0.27742040154315684 -0.6183175331110032 -0.7353375748968338
-0.48546042663302114 -0.5702662875098469 0.6626647232975524

-0.8290754458919398 0.5408140064544 -0.14196519095123775
-0.2774204015431568 -0.6183175331110035 -0.735337574896834
-0.4854604266330211 -0.5702662875098471 0.6626647232975523

-0.82907544589194 0.5408140064543999 -0.14196519095123786
-0.27742040154315684 -0.6183175331110032 -0.7353375748968338
-0.48546042663302114 -0.5702662875098469 0.6626647232975524

-0.8290754458919398 0.5408140064544 -0.14196519095123775
-0.2774204015431568 -0.6183175331110035 -0.735337574896834
-0.4854604266330211 -0.5702662875098471 0.6626647232975523

-0.82907544589194 0.5408140064543999 -0.14196519095123786
-0.27742040154315684 -0.6183175331110032 -0.7353375748968338
-0.48546042663302114 -0.5702662875098469 0.6626647232975524

-0.8290754458919398 0.5408140064544 -0.14196519095123775
-0.2774204015431568 -0.6183175331110035 -0.735337574896834
-0.4854604266330211 -0.5702662875098471 0.6626647232975523

-0.82907544589194 0.5408140064543999 -0.14196519095123786
-0.27742040154315684 -0.6183175331110032 -0.7353375748968338
-0.48546042663302114 -0.5702662875098469 0.6626647232975524

-0.8290754458919398 0.5408140064544 -0.14196519095123775
-0.2774204015431568 -0.6183175331110035 -0.735337574896834
-0.4854604266330211 -0.5702662875098471 0.6626647232975523

-0.82907544589194 0.5408140064543999 -0.14196519095123786
-0.27742040154315684 -0.6183175331110032 -0.7353375748968338
-0.48546042663302114 -0.5702662875098469 0.6626647232975524

-0.8290754458919398 0.5408140064544 -0.14196519095123775
-0.2774204015431568 -0.6183175331110035 -0.735337574896834
-0.4854604266330211 -0.5702662875098471 0.6626647232975523

-0.82907544589194 0.5408140064543999 -0.14196519095123786
-0.27742040154315684 -0.6183175331110032 -0.7353375748968338
-0.48546042663302114 -0.5702662875098469 0.6626647232975524

-0.8290754458919398 0.5408140064544 -0.14196519095123775
-0.2774204015431568 -0.6183175331110035 -0.735337574896834
-0.4854604266330211 -0.5702662875098471 0.6626647232975523

-0.82907544589194 0.5408140064543999 -0.14196519095123786
-0.27742040154315684 -0.6183175331110032 -0.7353375748968338
-0.48546042663302114 -0.5702662875098469 0.6626647232975524

-0.8290754458919398 0.5408140064544 -0.14196519095123775
-0.2774204015431568 -0.6183175331110035 -0.735337574896834
-0.4854604266330211 -0.5702662875098471 0.6626647232975523

-0.82907544589194 0.5408140064543999 -0.14196519095123786
-0.27742040154315684 -0.6183175331110032 -0.7353375748968338
-0.48546042663302114 -0.5702662875098469 0.6626647232975524

-0.8290754458919398 0.5408140064544 -0.14196519095123775
-0.2774204015431568 -0.6183175331110035 -0.735337574896834
-0.4854604266330211 -0.5702662875098471 0.6626647232975523

-0.82907544589194 0.5408140064543999 -0.14196519095123786
-0.27742040154315684 -0.6183175331110032 -0.7353375748968338
-0.48546042663302114 -0.5702662875098469 0.6626647232975524

-0.8290754458919398 0.5408140064544 -0.14196519095123775
-0.2774204015431568 -0.6183175331110035 -0.735337574896834
-0.4854604266330211 -0.5702662875098471 0.6626647232975523

-0.82907544589194 0.5408140064543999 -0.14196519095123786
-0.27742040154315684 -0.6183175331110032 -0.7353375748968338
-0.48546042663302114 -0.5702662875098469 0.6626647232975524

-0.8290754458919398 0.5408140064544 -0.14196519095123775
-0.2774204015431568 -0.6183175331110035 -0.735337574896834
-0.4854604266330211 -0.5702662875098471 0.6626647232975523

-0.82907544589194 0.5408140064543999 -0.14196519095123786
-0.27742040154315684 -0.6183175331110032 -0.7353375748968338
-0.48546042663302114 -0.5702662875098469 0.6626647232975524

-0.8290754458919398 0.5408140064544 -0.14196519095123775
-0.2774204015431568 -0.6183175331110035 -0.735337574896834
-0.4854604266330211 -0.5702662875098471 0.6626647232975523

-0.82907544589194 0.5408140064543999 -0.14196519095123786
-0.27742040154315684 -0.6183175331110032 -0.7353375748968338
-0.48546042663302114 -0.5702662875098469 0.6626647232975524

-0.8290754458919398 0.5408140064544 -0.14196519095123775
-0.2774204015431568 -0.6183175331110035 -0.735337574896834
-0.4854604266330211 -0.5702662875098471 0.6626647232975523

-0.82907544589194 0.5408140064543999 -0.14196519095123786
-0.27742040154315684 -0.6183175331110032 -0.7353375748968338
-0.48546042663302114 -0.5702662875098469 0.6626647232975524

-0.8290754458919398 0.5408140064544 -0.14196519095123775
-0.2774204015431568 -0.6183175331110035 -0.735337574896834
-0.4854604266330211 -0.5702662875098471 0.6626647232975523

-0.82907544589194 0.5408140064543999 -0.14196519095123786
-0.27742040154315684 -0.6183175331110032 -0.7353375748968338
-0.48546042663302114 -0.5702662875098469 0.6626647232975524

-0.8290754458919398 0.5408140064544 -0.14196519095123775
-0.2774204015431568 -0.6183175331110035 -0.735337574896834
-0.4854604266330211 -0.5702662875098471 0.6626647232975523

-0.82907544589194 0.5408140064543999 -0.14196519095123786
-0.27742040154315684 -0.6183175331110032 -0.7353375748968338
-0.48546042663302114 -0.5702662875098469 0.6626647232975524

-0.8290754458919398 0.5408140064544 -0.14196519095123775
-0.2774204015431568 -0.6183175331110035 -0.735337574896834
-0.4854604266330211 -0.5702662875098471 0.6626647232975523

-0.82907544589194 0.5408140064543999 -0.14196519095123786
-0.27742040154315684 -0.6183175331110032 -0.7353375748968338
-0.48546042663302114 -0.5702662875098469 0.6626647232975524

-0.8290754458919398 0.5408140064544 -0.14196519095123775
-0.2774204015431568 -0.6183175331110035 -0.735337574896834
-0.4854604266330211 -0.5702662875098471 0.6626647232975523

-0.82907544589194 0.5408140064543999 -0.14196519095123786
-0.27742040154315684 -0.6183175331110032 -0.7353375748968338
-0.48546042663302114 -0.5702662875098469 0.6626647232975524

-0.8290754458919398 0.5408140064544 -0.14196519095123775
-0.2774204015431568 -0.6183175331110035 -0.735337574896834
-0.4854604266330211 -0.5702662875098471 0.6626647232975523

-0.82907544589194 0.5408140064543999 -0.14196519095123786
-0.27742040154315684 -0.6183175331110032 -0.7353375748968338
-0.48546042663302114 -0.5702662875098469 0.6626647232975524

-0.8290754458919398 0.5408140064544 -0.14196519095123775
-0.2774204015431568 -0.6183175331110035 -0.735337574896834
-0.4854604266330211 -0.5702662875098471 0.6626647232975523

-0.82907544589194 0.5408140064543999 -0.14196519095123786
-0.27742040154315684 -0.6183175331110032 -0.7353375748968338
-0.48546042663302114 -0.5702662875098469 0.6626647232975524

-0.8290754458919398 0.5408140064544 -0.14196519095123775
-0.2774204015431568 -0.6183175331110035 -0.735337574896834
-0.4854604266330211 -0.5702662875098471 0.6626647232975523

-0.82907544589194 0.5408140064543999 -0.14196519095123786
-0.27742040154315684 -0.6183175331110032 -0.7353375748968338
-0.48546042663302114 -0.5702662875098469 0.6626647232975524

-0.8290754458919398 0.5408140064544 -0.14196519095123775
-0.2774204015431568 -0.6183175331110035 -0.735337574896834
-0.4854604266330211 -0.5702662875098471 0.6626647232975523

-0.82907544589194 0.5408140064543999 -0.14196519095123786
-0.27742040154315684 -0.6183175331110032 -0.7353375748968338
-0.48546042663302114 -0.5702662875098469 0.6626647232975524

-0.8290754458919398 0.5408140064544 -0.14196519095123775
-0.2774204015431568 -0.6183175331110035 -0.735337574896834
-0.4854604266330211 -0.5702662875098471 0.6626647232975523

-0.82907544589194 0.5408140064543999 -0.14196519095123786
-0.27742040154315684 -0.6183175331110032 -0.7353375748968338
-0.48546042663302114 -0.5702662875098469 0.6626647232975524

-0.8290754458919398 0.5408140064544 -0.14196519095123775
-0.2774204015431568 -0.6183175331110035 -0.735337574896834
-0.4854604266330211 -0.5702662875098471 0.6626647232975523

-0.82907544589194 0.5408140064543999 -0.14196519095123786
-0.27742040154315684 -0.6183175331110032 -0.7353375748968338
-0.48546042663302114 -0.5702662875098469 0.6626647232975524

-0.8290754458919398 0.5408140064544 -0.14196519095123775
-0.2774204015431568 -0.6183175331110035 -0.735337574896834
-0.4854604266330211 -0.5702662875098471 0.6626647232975523

-0.82907544589194 0.5408140064543999 -0.14196519095123786
-0.27742040154315684 -0.6183175331110032 -0.7353375748968338
-0.48546042663302114 -0.5702662875098469 0.6626647232975524

-0.8290754458919398 0.5408140064544 -0.14196519095123775
-0.2774204015431568 -0.6183175331110035 -0.735337574896834
-0.4854604266330211 -0.5702662875098471 0.6626647232975523

-0.82907544589194 0.5408140064543999 -0.14196519095123786
-0.27742040154315684 -0.6183175331110032 -0.7353375748968338
-0.48546042663302114 -0.5702662875098469 0.6626647232975524

-0.8290754458919398 0.5408140064544 -0.14196519095123775
-0.2774204015431568 -0.6183175331110035 -0.735337574896834
-0.4854604266330211 -0.5702662875098471 0.6626647232975523

-0.82907544589194 0.5408140064543999 -0.14196519095123786
-0.27742040154315684 -0.6183175331110032 -0.7353375748968338
-0.48546042663302114 -0.5702662875098469 0.6626647232975524

-0.8290754458919398 0.5408140064544 -0.14196519095123775
-0.2774204015431568 -0.6183175331110035 -0.735337574896834
-0.4854604266330211 -0.5702662875098471 0.6626647232975523

-0.82907544589194 0.5408140064543999 -0.14196519095123786
-0.27742040154315684 -0.6183175331110032 -0.7353375748968338
-0.48546042663302114 -0.5702662875098469 0.6626647232975524

-0.8290754458919398 0.5408140064544 -0.14196519095123775
-0.2774204015431568 -0.6183175331110035 -0.735337574896834
-0.4854604266330211 -0.5702662875098471 0.6626647232975523

-0.82907544589194 0.5408140064543999 -0.14196519095123786
-0.27742040154315684 -0.6183175331110032 -0.7353375748968338
-0.48546042663302114 -0.5702662875098469 0.6626647232975524

-0.8290754458919398 0.5408140064544 -0.14196519095123775
-0.2774204015431568 -0.6183175331110035 -0.735337574896834
-0.4854604266330211 -0.5702662875098471 0.6626647232975523

-0.82907544589194 0.5408140064543999 -0.14196519095123786
-0.27742040154315684 -0.6183175331110032 -0.7353375748968338
-0.48546042663302114 -0.5702662875098469 0.6626647232975524

-0.8290754458919398 0.5408140064544 -0.14196519095123775
-0.2774204015431568 -0.6183175331110035 -0.735337574896834
-0.4854604266330211 -0.5702662875098471 0.6626647232975523

-0.82907544589194 0.5408140064543999 -0.14196519095123786
-0.27742040154315684 -0.6183175331110032 -0.7353375748968338
-0.48546042663302114 -0.5702662875098469 0.6626647232975524

-0.8290754458919398 0.5408140064544 -0.14196519095123775
-0.2774204015431568 -0.6183175331110035 -0.735337574896834
-0.4854604266330211 -0.5702662875098471 0.6626647232975523

-0.82907544589194 0.5408140064543999 -0.14196519095123786
-0.27742040154315684 -0.6183175331110032 -0.7353375748968338
-0.48546042663302114 -0.5702662875098469 0.6626647232975524

-0.8290754458919398 0.5408140064544 -0.14196519095123775
-0.2774204015431568 -0.6183175331110035 -0.735337574896834
-0.4854604266330211 -0.5702662875098471 0.6626647232975523

-0.82907544589194 0.5408140064543999 -0.14196519095123786
-0.27742040154315684 -0.6183175331110032 -0.7353375748968338
-0.48546042663302114 -0.5702662875098469 0.6626647232975524

-0.8290754458919398 0.5408140064544 -0.14196519095123775
-0.2774204015431568 -0.6183175331110035 -0.735337574896834
-0.4854604266330211 -0.5702662875098471 0.6626647232975523

-0.82907544589194 0.5408140064543999 -0.14196519095123786
-0.27742040154315684 -0.6183175331110032 -0.7353375748968338
-0.48546042663302114 -0.5702662875098469 0.6626647232975524

-0.8290754458919398 0.5408140064544 -0.14196519095123775
-0.2774204015431568 -0.6183175331110035 -0.735337574896834
-0.4854604266330211 -0.5702662875098471 0.6626647232975523

-0.82907544589194 0.5408140064543999 -0.14196519095123786
-0.27742040154315684 -0.6183175331110032 -0.7353375748968338
-0.48546042663302114 -0.5702662875098469 0.6626647232975524

-0.8290754458919398 0.5408140064544 -0.14196519095123775
-0.2774204015431568 -0.6183175331110035 -0.735337574896834
-0.4854604266330211 -0.5702662875098471 0.6626647232975523

-0.82907544589194 0.5408140064543999 -0.14196519095123786
-0.27742040154315684 -0.6183175331110032 -0.7353375748968338
-0.48546042663302114 -0.5702662875098469 0.6626647232975524

-0.8290754458919398 0.5408140064544 -0.14196519095123775
-0.2774204015431568 -0.6183175331110035 -0.735337574896834
-0.4854604266330211 -0.5702662875098471 0.6626647232975523

-0.82907544589194 0.5408140064543999 -0.14196519095123786
-0.27742040154315684 -0.6183175331110032 -0.7353375748968338
-0.48546042663302114 -0.5702662875098469 0.6626647232975524

-0.8290754458919398 0.5408140064544 -0.14196519095123775
-0.2774204015431568 -0.6183175331110035 -0.735337574896834
-0.4854604266330211 -0.5702662875098471 0.6626647232975523

-0.82907544589194 0.5408140064543999 -0.14196519095123786
-0.27742040154315684 -0.6183175331110032 -0.7353375748968338
-0.48546042663302114 -0.5702662875098469 0.6626647232975524

-0.8290754458919398 0.5408140064544 -0.14196519095123775
-0.2774204015431568 -0.6183175331110035 -0.735337574896834
-0.4854604266330211 -0.5702662875098471 0.6626647232975523

-0.82907544589194 0.5408140064543999 -0.14196519095123786
-0.27742040154315684 -0.6183175331110032 -0.7353375748968338
-0.48546042663302114 -0.5702662875098469 0.6626647232975524

-0.8290754458919398 0.5408140064544 -0.14196519095123775
-0.2774204015431568 -0.6183175331110035 -0.735337574896834
-0.4854604266330211 -0.5702662875098471 0.6626647232975523

-0.82907544589194 0.5408140064543999 -0.14196519095123786
-0.27742040154315684 -0.6183175331110032 -0.7353375748968338
-0.48546042663302114 -0.5702662875098469 0.6626647232975524

-0.8290754458919398 0.5408140064544 -0.14196519095123775
-0.2774204015431568 -0.6183175331110035 -0.735337574896834
-0.4854604266330211 -0.5702662875098471 0.6626647232975523

-0.82907544589194 0.5408140064543999 -0.14196519095123786
-0.27742040154315684 -0.6183175331110032 -0.7353375748968338
-0.48546042663302114 -0.5702662875098469 0.6626647232975524

-0.8290754458919398 0.5408140064544 -0.14196519095123775
-0.2774204015431568 -0.6183175331110035 -0.735337574896834
-0.4854604266330211 -0.5702662875098471 0.6626647232975523

-0.82907544589194 0.5408140064543999 -0.14196519095123786
-0.27742040154315684 -0.6183175331110032 -0.7353375748968338
-0.48546042663302114 -0.5702662875098469 0.6626647232975524

-0.8290754458919398 0.5408140064544 -0.14196519095123775
-0.2774204015431568 -0.6183175331110035 -0.735337574896834
-0.4854604266330211 -0.5702662875098471 0.6626647232975523

-0.82907544589194 0.5408140064543999 -0.14196519095123786
-0.27742040154315684 -0.6183175331110032 -0.7353375748968338
-0.48546042663302114 -0.5702662875098469 0.6626647232975524

-0.8290754458919398 0.5408140064544 -0.14196519095123775
-0.2774204015431568 -0.6183175331110035 -0.735337574896834
-0.4854604266330211 -0.5702662875098471 0.6626647232975523

-0.82907544589194 0.5408140064543999 -0.14196519095123786
-0.27742040154315684 -0.6183175331110032 -0.7353375748968338
-0.48546042663302114 -0.5702662875098469 0.6626647232975524

-0.8290754458919398 0.5408140064544 -0.14196519095123775
-0.2774204015431568 -0.6183175331110035 -0.735337574896834
-0.4854604266330211 -0.5702662875098471 0.6626647232975523

-0.82907544589194 0.5408140064543999 -0.14196519095123786
-0.27742040154315684 -0.6183175331110032 -0.7353375748968338
-0.48546042663302114 -0.5702662875098469 0.6626647232975524

-0.8290754458919398 0.5408140064544 -0.14196519095123775
-0.2774204015431568 -0.6183175331110035 -0.735337574896834
-0.4854604266330211 -0.5702662875098471 0.6626647232975523

-0.82907544589194 0.5408140064543999 -0.14196519095123786
-0.27742040154315684 -0.6183175331110032 -0.7353375748968338
-0.48546042663302114 -0.5702662875098469 0.6626647232975524

-0.8290754458919398 0.5408140064544 -0.14196519095123775
-0.2774204015431568 -0.6183175331110035 -0.735337574896834
-0.4854604266330211 -0.5702662875098471 0.6626647232975523

-0.82907544589194 0.5408140064543999 -0.14196519095123786
-0.27742040154315684 -0.6183175331110032 -0.7353375748968338
-0.48546042663302114 -0.5702662875098469 0.6626647232975524

-0.8290754458919398 0.5408140064544 -0.14196519095123775
-0.2774204015431568 -0.6183175331110035 -0.735337574896834
-0.4854604266330211 -0.5702662875098471 0.6626647232975523

-0.82907544589194 0.5408140064543999 -0.14196519095123786
-0.27742040154315684 -0.6183175331110032 -0.7353375748968338
-0.48546042663302114 -0.5702662875098469 0.6626647232975524

-0.8290754458919398 0.5408140064544 -0.14196519095123775
-0.2774204015431568 -0.6183175331110035 -0.735337574896834
-0.4854604266330211 -0.5702662875098471 0.6626647232975523

-0.82907544589194 0.5408140064543999 -0.14196519095123786
-0.27742040154315684 -0.6183175331110032 -0.7353375748968338
-0.48546042663302114 -0.5702662875098469 0.6626647232975524

-0.8290754458919398 0.5408140064544 -0.14196519095123775
-0.2774204015431568 -0.6183175331110035 -0.735337574896834
-0.4854604266330211 -0.5702662875098471 0.6626647232975523

-0.82907544589194 0.5408140064543999 -0.14196519095123786
-0.27742040154315684 -0.6183175331110032 -0.7353375748968338
-0.48546042663302114 -0.5702662875098469 0.6626647232975524

-0.8290754458919398 0.5408140064544 -0.14196519095123775
-0.2774204015431568 -0.6183175331110035 -0.735337574896834
-0.4854604266330211 -0.5702662875098471 0.6626647232975523

-0.82907544589194 0.5408140064543999 -0.14196519095123786
-0.27742040154315684 -0.6183175331110032 -0.7353375748968338
-0.48546042663302114 -0.5702662875098469 0.6626647232975524

-0.8290754458919398 0.5408140064544 -0.14196519095123775
-0.2774204015431568 -0.6183175331110035 -0.735337574896834
-0.4854604266330211 -0.5702662875098471 0.6626647232975523

-0.82907544589194 0.5408140064543999 -0.14196519095123786
-0.27742040154315684 -0.6183175331110032 -0.7353375748968338
-0.48546042663302114 -0.5702662875098469 0.6626647232975524

-0.8290754458919398 0.5408140064544 -0.14196519095123775
-0.2774204015431568 -0.6183175331110035 -0.735337574896834
-0.4854604266330211 -0.5702662875098471 0.6626647232975523

-0.82907544589194 0.5408140064543999 -0.14196519095123786
-0.27742040154315684 -0.6183175331110032 -0.7353375748968338
-0.48546042663302114 -0.5702662875098469 0.6626647232975524

-0.8290754458919398 0.5408140064544 -0.14196519095123775
-0.2774204015431568 -0.6183175331110035 -0.735337574896834
-0.4854604266330211 -0.5702662875098471 0.6626647232975523

-0.82907544589194 0.5408140064543999 -0.14196519095123786
-0.27742040154315684 -0.6183175331110032 -0.7353375748968338
-0.48546042663302114 -0.5702662875098469 0.6626647232975524

-0.8290754458919398 0.5408140064544 -0.14196519095123775
-0.2774204015431568 -0.6183175331110035 -0.735337574896834
-0.4854604266330211 -0.5702662875098471 0.6626647232975523

-0.82907544589194 0.5408140064543999 -0.14196519095123786
-0.27742040154315684 -0.6183175331110032 -0.7353375748968338
-0.48546042663302114 -0.5702662875098469 0.6626647232975524

-0.8290754458919398 0.5408140064544 -0.14196519095123775
-0.2774204015431568 -0.6183175331110035 -0.735337574896834
-0.4854604266330211 -0.5702662875098471 0.6626647232975523

-0.82907544589194 0.5408140064543999 -0.14196519095123786
-0.27742040154315684 -0.6183175331110032 -0.7353375748968338
-0.48546042663302114 -0.5702662875098469 0.6626647232975524

-0.8290754458919398 0.5408140064544 -0.14196519095123775
-0.2774204015431568 -0.6183175331110035 -0.735337574896834
-0.4854604266330211 -0.5702662875098471 0.6626647232975523

-0.82907544589194 0.5408140064543999 -0.14196519095123786
-0.27742040154315684 -0.6183175331110032 -0.7353375748968338
-0.48546042663302114 -0.5702662875098469 0.6626647232975524

-0.8290754458919398 0.5408140064544 -0.14196519095123775
-0.2774204015431568 -0.6183175331110035 -0.735337574896834
-0.4854604266330211 -0.5702662875098471 0.6626647232975523

-0.82907544589194 0.5408140064543999 -0.14196519095123786
-0.27742040154315684 -0.6183175331110032 -0.7353375748968338
-0.48546042663302114 -0.5702662875098469 0.6626647232975524

-0.8290754458919398 0.5408140064544 -0.14196519095123775
-0.2774204015431568 -0.6183175331110035 -0.735337574896834
-0.4854604266330211 -0.5702662875098471 0.6626647232975523

-0.82907544589194 0.5408140064543999 -0.14196519095123786
-0.27742040154315684 -0.6183175331110032 -0.7353375748968338
-0.48546042663302114 -0.5702662875098469 0.6626647232975524

-0.8290754458919398 0.5408140064544 -0.14196519095123775
-0.2774204015431568 -0.6183175331110035 -0.735337574896834
-0.4854604266330211 -0.5702662875098471 0.6626647232975523

-0.82907544589194 0.5408140064543999 -0.14196519095123786
-0.27742040154315684 -0.6183175331110032 -0.7353375748968338
-0.48546042663302114 -0.5702662875098469 0.6626647232975524

-0.8290754458919398 0.5408140064544 -0.14196519095123775
-0.2774204015431568 -0.6183175331110035 -0.735337574896834
-0.4854604266330211 -0.5702662875098471 0.6626647232975523

-0.82907544589194 0.5408140064543999 -0.14196519095123786
-0.27742040154315684 -0.6183175331110032 -0.7353375748968338
-0.48546042663302114 -0.5702662875098469 0.6626647232975524

-0.8290754458919398 0.5408140064544 -0.14196519095123775
-0.2774204015431568 -0.6183175331110035 -0.735337574896834
-0.4854604266330211 -0.5702662875098471 0.6626647232975523

-0.82907544589194 0.5408140064543999 -0.14196519095123786
-0.27742040154315684 -0.6183175331110032 -0.7353375748968338
-0.48546042663302114 -0.5702662875098469 0.6626647232975524

-0.8290754458919398 0.5408140064544 -0.14196519095123775
-0.2774204015431568 -0.6183175331110035 -0.735337574896834
-0.4854604266330211 -0.5702662875098471 0.6626647232975523

-0.82907544589194 0.5408140064543999 -0.14196519095123786
-0.27742040154315684 -0.6183175331110032 -0.7353375748968338
-0.48546042663302114 -0.5702662875098469 0.6626647232975524

-0.8290754458919398 0.5408140064544 -0.14196519095123775
-0.2774204015431568 -0.6183175331110035 -0.735337574896834
-0.4854604266330211 -0.5702662875098471 0.6626647232975523

-0.82907544589194 0.5408140064543999 -0.14196519095123786
-0.27742040154315684 -0.6183175331110032 -0.7353375748968338
-0.48546042663302114 -0.5702662875098469 0.6626647232975524

-0.8290754458919398 0.5408140064544 -0.14196519095123775
-0.2774204015431568 -0.6183175331110035 -0.735337574896834
-0.4854604266330211 -0.5702662875098471 0.6626647232975523

-0.82907544589194 0.5408140064543999 -0.14196519095123786
-0.27742040154315684 -0.6183175331110032 -0.7353375748968338
-0.48546042663302114 -0.5702662875098469 0.6626647232975524

-0.8290754458919398 0.5408140064544 -0.14196519095123775
-0.2774204015431568 -0.6183175331110035 -0.735337574896834
-0.4854604266330211 -0.5702662875098471 0.6626647232975523

-0.82907544589194 0.5408140064543999 -0.14196519095123786
-0.27742040154315684 -0.6183175331110032 -0.7353375748968338
-0.48546042663302114 -0.5702662875098469 0.6626647232975524

-0.8290754458919398 0.5408140064544 -0.14196519095123775
-0.2774204015431568 -0.6183175331110035 -0.735337574896834
-0.4854604266330211 -0.5702662875098471 0.6626647232975523

-0.82907544589194 0.5408140064543999 -0.14196519095123786
-0.27742040154315684 -0.6183175331110032 -0.7353375748968338
-0.48546042663302114 -0.5702662875098469 0.6626647232975524

-0.8290754458919398 0.5408140064544 -0.14196519095123775
-0.2774204015431568 -0.6183175331110035 -0.735337574896834
-0.4854604266330211 -0.5702662875098471 0.6626647232975523

-0.82907544589194 0.5408140064543999 -0.14196519095123786
-0.27742040154315684 -0.6183175331110032 -0.7353375748968338
-0.48546042663302114 -0.5702662875098469 0.6626647232975524

-0.8290754458919398 0.5408140064544 -0.14196519095123775
-0.2774204015431568 -0.6183175331110035 -0.735337574896834
-0.4854604266330211 -0.5702662875098471 0.6626647232975523

-0.82907544589194 0.5408140064543999 -0.14196519095123786
-0.27742040154315684 -0.6183175331110032 -0.7353375748968338
-0.48546042663302114 -0.5702662875098469 0.6626647232975524

-0.8290754458919398 0.5408140064544 -0.14196519095123775
-0.2774204015431568 -0.6183175331110035 -0.735337574896834
-0.4854604266330211 -0.5702662875098471 0.6626647232975523

-0.82907544589194 0.5408140064543999 -0.14196519095123786
-0.27742040154315684 -0.6183175331110032 -0.7353375748968338
-0.48546042663302114 -0.5702662875098469 0.6626647232975524

-0.8290754458919398 0.5408140064544 -0.14196519095123775
-0.2774204015431568 -0.6183175331110035 -0.735337574896834
-0.4854604266330211 -0.5702662875098471 0.6626647232975523

-0.82907544589194 0.5408140064543999 -0.14196519095123786
-0.27742040154315684 -0.6183175331110032 -0.7353375748968338
-0.48546042663302114 -0.5702662875098469 0.6626647232975524

-0.8290754458919398 0.5408140064544 -0.14196519095123775
-0.2774204015431568 -0.6183175331110035 -0.735337574896834
-0.4854604266330211 -0.5702662875098471 0.6626647232975523

-0.82907544589194 0.5408140064543999 -0.14196519095123786
-0.27742040154315684 -0.6183175331110032 -0.7353375748968338
-0.48546042663302114 -0.5702662875098469 0.6626647232975524

-0.8290754458919398 0.5408140064544 -0.14196519095123775
-0.2774204015431568 -0.6183175331110035 -0.735337574896834
-0.4854604266330211 -0.5702662875098471 0.6626647232975523

-0.82907544589194 0.5408140064543999 -0.14196519095123786
-0.27742040154315684 -0.6183175331110032 -0.7353375748968338
-0.48546042663302114 -0.5702662875098469 0.6626647232975524

-0.8290754458919398 0.5408140064544 -0.14196519095123775
-0.2774204015431568 -0.6183175331110035 -0.735337574896834
-0.4854604266330211 -0.5702662875098471 0.6626647232975523

-0.82907544589194 0.5408140064543999 -0.14196519095123786
-0.27742040154315684 -0.6183175331110032 -0.7353375748968338
-0.48546042663302114 -0.5702662875098469 0.6626647232975524

-0.8290754458919398 0.5408140064544 -0.14196519095123775
-0.2774204015431568 -0.6183175331110035 -0.735337574896834
-0.4854604266330211 -0.5702662875098471 0.6626647232975523

-0.82907544589194 0.5408140064543999 -0.14196519095123786
-0.27742040154315684 -0.6183175331110032 -0.7353375748968338
-0.48546042663302114 -0.5702662875098469 0.6626647232975524

-0.8290754458919398 0.5408140064544 -0.14196519095123775
-0.2774204015431568 -0.6183175331110035 -0.735337574896834
-0.4854604266330211 -0.5702662875098471 0.6626647232975523

-0.82907544589194 0.5408140064543999 -0.14196519095123786
-0.27742040154315684 -0.6183175331110032 -0.7353375748968338
-0.48546042663302114 -0.5702662875098469 0.6626647232975524

-0.8290754458919398 0.5408140064544 -0.14196519095123775
-0.2774204015431568 -0.6183175331110035 -0.735337574896834
-0.4854604266330211 -0.5702662875098471 0.6626647232975523

-0.82907544589194 0.5408140064543999 -0.14196519095123786
-0.27742040154315684 -0.6183175331110032 -0.7353375748968338
-0.48546042663302114 -0.5702662875098469 0.6626647232975524

-0.8290754458919398 0.5408140064544 -0.14196519095123775
-0.2774204015431568 -0.6183175331110035 -0.735337574896834
-0.4854604266330211 -0.5702662875098471 0.6626647232975523

-0.82907544589194 0.5408140064543999 -0.14196519095123786
-0.27742040154315684 -0.6183175331110032 -0.7353375748968338
-0.48546042663302114 -0.5702662875098469 0.6626647232975524

-0.8290754458919398 0.5408140064544 -0.14196519095123775
-0.2774204015431568 -0.6183175331110035 -0.735337574896834
-0.4854604266330211 -0.5702662875098471 0.6626647232975523

-0.82907544589194 0.5408140064543999 -0.14196519095123786
