-0.5986402474932293 0.6829506908395614 -0.4185787954053702
-0.47304834784985417 -0.7231247542277842 -0.5033049278712952
-0.6464171367451271 -0.10329057897394166 0.7559602778039727

-0.4452512836149236 0.8858400107133281 -0.1305326390550431
-0.44873051751929977 -0.34690571920158614 -0.8235880916041052
-0.7748498029206204 -0.30812967628036353 0.5519636632145581

-0.37771961136265264 0.9258869576723194 0.007825394836257415
-0.38273640318499413 -0.14843217500198785 -0.9118556547509002
-0.8431137176378167 -0.3474208270044788 0.4104363873908645

-0.3641157177182899 0.9302849345689267 0.04460588105377241
-0.3753876866206517 -0.10275956419046496 -0.9211539267141954
-0.8523519395438076 -0.3521511216530113 0.3866338819535034

-0.3622016911561625 0.9307664519509561 0.049837203435226324
-0.37433915386759975 -0.09628888720219737 -0.9222790510919415
-0.8536276312334934 -0.35270704858847235 0.3832983238558498

-0.3619408275613818 0.9308301230943372 0.05053829522612672
-0.37418990011475056 -0.09541649585706298 -0.9224302743137132
-0.85380369874831 -0.352776096495412 0.3828423562579835

-0.36190544769148425 0.930838709104949 0.05063343325371005
-0.37416970267211325 -0.09529815088723667 -0.9224507011432836
-0.8538275473030187 -0.35278543063639284 0.3827805629825086

-0.36190065914618685 0.9308398703731843 0.05064630917637404
-0.37416696837318947 -0.09528213383204907 -0.9224534648158833
-0.8538307752054689 -0.35278669291236725 0.3827721993771008

-0.36190001108132974 0.9308400275198222 0.05064805175157593
-0.3741665983127543 -0.0952799661450268 -0.9224538388225529
-0.8538312120591491 -0.3527868637269524 0.38277106747415635

-0.36189992337451304 0.930840048787318 0.0506482875835461
-0.3741665482294111 -0.09527967277966663 -0.9224538894389722
-0.8538312711816131 -0.3527868868433515 0.3827709142865573

-0.3618999115046495 0.9308400516655694 0.05064831949992892
-0.3741665414513176 -0.09527963307694967 -0.9224538962891757
-0.8538312791830046 -0.3527868899717817 0.3827708935548155

-0.3618999098982352 0.9308400520550995 0.05064832381934123
-0.3741665405339983 -0.09527962770376824 -0.9224538972162517
-0.8538312802658785 -0.3527868903951659 0.3827708907490746

-0.3618999096808304 0.9308400521078167 0.0506483244039099
-0.3741665404098523 -0.095279626976587 -0.9224538973417179
-0.8538312804124298 -0.3527868904524645 0.3827708903693586

-0.36189990965140795 0.9308400521149514 0.050648324483023144
-0.3741665403930509 -0.09527962687817376 -0.922453897358698
-0.8538312804322633 -0.35278689046021927 0.3827708903179695

-0.361899909647426 0.9308400521159174 0.05064832449372999
-0.3741665403907772 -0.0952796268648549 -0.9224538973609961
-0.8538312804349478 -0.3527868904612684 0.3827708903110147

-0.3618999096468869 0.9308400521160473 0.05064832449517864
-0.3741665403904693 -0.09527962686305234 -0.922453897361307
-0.8538312804353108 -0.35278689046141076 0.3827708903100735

-0.36189990964681407 0.9308400521160652 0.05064832449537497
-0.37416654039042774 -0.09527962686280816 -0.9224538973613491
-0.85383128043536 -0.3527868904614298 0.38277089030994604

-0.3618999096468041 0.9308400521160679 0.050648324495402026
-0.3741665403904221 -0.0952796268627752 -0.922453897361355
-0.8538312804353666 -0.3527868904614326 0.3827708903099287

-0.36189990964680274 0.9308400521160681 0.05064832449540547
-0.3741665403904213 -0.09527962686277079 -0.9224538973613557
-0.8538312804353675 -0.35278689046143297 0.38277089030992634

-0.36189990964680274 0.9308400521160679 0.0506483244954058
-0.3741665403904212 -0.09527962686277024 -0.9224538973613557
-0.8538312804353676 -0.35278689046143313 0.3827708903099261

-0.36189990964680274 0.9308400521160679 0.050648324495405725
-0.37416654039042113 -0.09527962686277028 -0.9224538973613557
-0.8538312804353676 -0.35278689046143313 0.38277089030992606

-0.36189990964680274 0.9308400521160679 0.050648324495405725
-0.37416654039042113 -0.09527962686277028 -0.9224538973613557
-0.8538312804353676 -0.35278689046143313 0.38277089030992606

-0.36189990964680274 0.9308400521160679 0.050648324495405725
-0.37416654039042113 -0.09527962686277028 -0.9224538973613557
-0.8538312804353676 -0.35278689046143313 0.38277089030992606

-0.36189990964680274 0.9308400521160679 0.050648324495405725
-0.37416654039042113 -0.09527962686277028 -0.9224538973613557
-0.8538312804353676 -0.35278689046143313 0.38277089030992606

-0.36189990964680274 0.9308400521160679 0.050648324495405725
-0.37416654039042113 -0.09527962686277028 -0.9224538973613557
-0.8538312804353676 -0.35278689046143313 0.38277089030992606

-0.36189990964680274 0.9308400521160679 0.050648324495405725
-0.37416654039042113 -0.09527962686277028 -0.9224538973613557
-0.8538312804353676 -0.35278689046143313 0.38277089030992606

-0.36189990964680274 0.9308400521160679 0.050648324495405725
-0.37416654039042113 -0.09527962686277028 -0.9224538973613557
-0.8538312804353676 -0.35278689046143313 0.38277089030992606

-0.36189990964680274 0.9308400521160679 0.050648324495405725
-0.37416654039042113 -0.09527962686277028 -0.9224538973613557
-0.8538312804353676 -0.35278689046143313 0.38277089030992606

-0.36189990964680274 0.9308400521160679 0.050648324495405725
-0.37416654039042113 -0.09527962686277028 -0.9224538973613557
-0.8538312804353676 -0.35278689046143313 0.38277089030992606

-0.36189990964680274 0.9308400521160679 0.050648324495405725
-0.37416654039042113 -0.09527962686277028 -0.9224538973613557
-0.8538312804353676 -0.35278689046143313 0.38277089030992606

-0.36189990964680274 0.9308400521160679 0.050648324495405725
-0.37416654039042113 -0.09527962686277028 -0.9224538973613557
-0.8538312804353676 -0.35278689046143313 0.38277089030992606

-0.36189990964680274 0.9308400521160679 0.050648324495405725
-0.37416654039042113 -0.09527962686277028 -0.9224538973613557
-0.8538312804353676 -0.35278689046143313 0.38277089030992606

-0.36189990964680274 0.9308400521160679 0.050648324495405725
-0.37416654039042113 -0.09527962686277028 -0.9224538973613557
-0.8538312804353676 -0.35278689046143313 0.38277089030992606

-0.36189990964680274 0.9308400521160679 0.050648324495405725
-0.37416654039042113 -0.09527962686277028 -0.9224538973613557
-0.8538312804353676 -0.35278689046143313 0.38277089030992606

-0.36189990964680274 0.9308400521160679 0.050648324495405725
-0.37416654039042113 -0.09527962686277028 -0.9224538973613557
-0.8538312804353676 -0.35278689046143313 0.38277089030992606

-0.36189990964680274 0.9308400521160679 0.050648324495405725
-0.37416654039042113 -0.09527962686277028 -0.9224538973613557
-0.8538312804353676 -0.35278689046143313 0.38277089030992606

-0.36189990964680274 0.9308400521160679 0.050648324495405725
-0.37416654039042113 -0.09527962686277028 -0.9224538973613557
-0.8538312804353676 -0.35278689046143313 0.38277089030992606

-0.36189990964680274 0.9308400521160679 0.050648324495405725
-0.37416654039042113 -0.09527962686277028 -0.9224538973613557
-0.8538312804353676 -0.35278689046143313 0.38277089030992606

-0.36189990964680274 0.9308400521160679 0.050648324495405725
-0.37416654039042113 -0.09527962686277028 -0.9224538973613557
-0.8538312804353676 -0.35278689046143313 0.38277089030992606

-0.36189990964680274 0.9308400521160679 0.050648324495405725
-0.37416654039042113 -0.09527962686277028 -0.9224538973613557
-0.8538312804353676 -0.35278689046143313 0.38277089030992606

-0.36189990964680274 0.9308400521160679 0.050648324495405725
-0.37416654039042113 -0.09527962686277028 -0.9224538973613557
-0.8538312804353676 -0.35278689046143313 0.38277089030992606

-0.36189990964680274 0.9308400521160679 0.050648324495405725
-0.37416654039042113 -0.09527962686277028 -0.9224538973613557
-0.8538312804353676 -0.35278689046143313 0.38277089030992606

-0.36189990964680274 0.9308400521160679 0.050648324495405725
-0.37416654039042113 -0.09527962686277028 -0.9224538973613557
-0.8538312804353676 -0.35278689046143313 0.38277089030992606

-0.36189990964680274 0.9308400521160679 0.050648324495405725
-0.37416654039042113 -0.09527962686277028 -0.9224538973613557
-0.8538312804353676 -0.35278689046143313 0.38277089030992606

-0.36189990964680274 0.9308400521160679 0.050648324495405725
-0.37416654039042113 -0.09527962686277028 -0.9224538973613557
-0.8538312804353676 -0.35278689046143313 0.38277089030992606

-0.36189990964680274 0.9308400521160679 0.050648324495405725
-0.37416654039042113 -0.09527962686277028 -0.9224538973613557
-0.8538312804353676 -0.35278689046143313 0.38277089030992606

-0.36189990964680274 0.9308400521160679 0.050648324495405725
-0.37416654039042113 -0.09527962686277028 -0.9224538973613557
-0.8538312804353676 -0.35278689046143313 0.38277089030992606

-0.36189990964680274 0.9308400521160679 0.050648324495405725
-0.37416654039042113 -0.09527962686277028 -0.9224538973613557
-0.8538312804353676 -0.35278689046143313 0.38277089030992606

-0.36189990964680274 0.9308400521160679 0.050648324495405725
-0.37416654039042113 -0.09527962686277028 -0.9224538973613557
-0.8538312804353676 -0.35278689046143313 0.38277089030992606

-0.36189990964680274 0.9308400521160679 0.050648324495405725
-0.37416654039042113 -0.09527962686277028 -0.9224538973613557
-0.8538312804353676 -0.35278689046143313 0.38277089030992606

-0.36189990964680274 0.9308400521160679 0.050648324495405725
-0.37416654039042113 -0.09527962686277028 -0.9224538973613557
-0.8538312804353676 -0.35278689046143313 0.38277089030992606

-0.36189990964680274 0.9308400521160679 0.050648324495405725
-0.37416654039042113 -0.09527962686277028 -0.9224538973613557
-0.8538312804353676 -0.35278689046143313 0.38277089030992606

-0.36189990964680274 0.9308400521160679 0.050648324495405725
-0.37416654039042113 -0.09527962686277028 -0.9224538973613557
-0.8538312804353676 -0.35278689046143313 0.38277089030992606

-0.36189990964680274 0.9308400521160679 0.050648324495405725
-0.37416654039042113 -0.09527962686277028 -0.9224538973613557
-0.8538312804353676 -0.35278689046143313 0.38277089030992606

-0.36189990964680274 0.9308400521160679 0.050648324495405725
-0.37416654039042113 -0.09527962686277028 -0.9224538973613557
-0.8538312804353676 -0.35278689046143313 0.38277089030992606

-0.36189990964680274 0.9308400521160679 0.050648324495405725
-0.37416654039042113 -0.09527962686277028 -0.9224538973613557
-0.8538312804353676 -0.35278689046143313 0.38277089030992606

-0.36189990964680274 0.9308400521160679 0.050648324495405725
-0.37416654039042113 -0.09527962686277028 -0.9224538973613557
-0.8538312804353676 -0.35278689046143313 0.38277089030992606

-0.36189990964680274 0.9308400521160679 0.050648324495405725
-0.37416654039042113 -0.09527962686277028 -0.9224538973613557
-0.8538312804353676 -0.35278689046143313 0.38277089030992606

-0.36189990964680274 0.9308400521160679 0.050648324495405725
-0.37416654039042113 -0.09527962686277028 -0.9224538973613557
-0.8538312804353676 -0.35278689046143313 0.38277089030992606

-0.36189990964680274 0.9308400521160679 0.050648324495405725
-0.37416654039042113 -0.09527962686277028 -0.9224538973613557
-0.8538312804353676 -0.35278689046143313 0.38277089030992606

-0.36189990964680274 0.9308400521160679 0.050648324495405725
-0.37416654039042113 -0.09527962686277028 -0.9224538973613557
-0.8538312804353676 -0.35278689046143313 0.38277089030992606

-0.36189990964680274 0.9308400521160679 0.050648324495405725
-0.37416654039042113 -0.09527962686277028 -0.9224538973613557
-0.8538312804353676 -0.35278689046143313 0.38277089030992606

-0.36189990964680274 0.9308400521160679 0.050648324495405725
-0.37416654039042113 -0.09527962686277028 -0.9224538973613557
-0.8538312804353676 -0.35278689046143313 0.38277089030992606

-0.36189990964680274 0.9308400521160679 0.050648324495405725
-0.37416654039042113 -0.09527962686277028 -0.9224538973613557
-0.8538312804353676 -0.35278689046143313 0.38277089030992606

-0.36189990964680274 0.9308400521160679 0.050648324495405725
-0.37416654039042113 -0.09527962686277028 -0.9224538973613557
-0.8538312804353676 -0.35278689046143313 0.38277089030992606

-0.36189990964680274 0.9308400521160679 0.050648324495405725
-0.37416654039042113 -0.09527962686277028 -0.9224538973613557
-0.8538312804353676 -0.35278689046143313 0.38277089030992606

-0.36189990964680274 0.9308400521160679 0.050648324495405725
-0.37416654039042113 -0.09527962686277028 -0.9224538973613557
-0.8538312804353676 -0.35278689046143313 0.38277089030992606

-0.36189990964680274 0.9308400521160679 0.050648324495405725
-0.37416654039042113 -0.09527962686277028 -0.9224538973613557
-0.8538312804353676 -0.35278689046143313 0.38277089030992606

-0.36189990964680274 0.9308400521160679 0.050648324495405725
-0.37416654039042113 -0.09527962686277028 -0.9224538973613557
-0.8538312804353676 -0.35278689046143313 0.38277089030992606

-0.36189990964680274 0.9308400521160679 0.050648324495405725
-0.37416654039042113 -0.09527962686277028 -0.9224538973613557
-0.8538312804353676 -0.35278689046143313 0.38277089030992606

-0.36189990964680274 0.9308400521160679 0.050648324495405725
-0.37416654039042113 -0.09527962686277028 -0.9224538973613557
-0.8538312804353676 -0.35278689046143313 0.38277089030992606

-0.36189990964680274 0.9308400521160679 0.050648324495405725
-0.37416654039042113 -0.09527962686277028 -0.9224538973613557
-0.8538312804353676 -0.35278689046143313 0.38277089030992606

-0.36189990964680274 0.9308400521160679 0.050648324495405725
-0.37416654039042113 -0.09527962686277028 -0.9224538973613557
-0.8538312804353676 -0.35278689046143313 0.38277089030992606

-0.36189990964680274 0.9308400521160679 0.050648324495405725
-0.37416654039042113 -0.09527962686277028 -0.9224538973613557
-0.8538312804353676 -0.35278689046143313 0.38277089030992606

-0.36189990964680274 0.9308400521160679 0.050648324495405725
-0.37416654039042113 -0.09527962686277028 -0.9224538973613557
-0.8538312804353676 -0.35278689046143313 0.38277089030992606

-0.36189990964680274 0.9308400521160679 0.050648324495405725
-0.37416654039042113 -0.09527962686277028 -0.9224538973613557
-0.8538312804353676 -0.35278689046143313 0.38277089030992606

-0.36189990964680274 0.9308400521160679 0.050648324495405725
-0.37416654039042113 -0.09527962686277028 -0.9224538973613557
-0.8538312804353676 -0.35278689046143313 0.38277089030992606

-0.36189990964680274 0.9308400521160679 0.050648324495405725
-0.37416654039042113 -0.09527962686277028 -0.9224538973613557
-0.8538312804353676 -0.35278689046143313 0.38277089030992606

-0.36189990964680274 0.9308400521160679 0.050648324495405725
-0.37416654039042113 -0.09527962686277028 -0.9224538973613557
-0.8538312804353676 -0.35278689046143313 0.38277089030992606

-0.36189990964680274 0.9308400521160679 0.050648324495405725
-0.37416654039042113 -0.09527962686277028 -0.9224538973613557
-0.8538312804353676 -0.35278689046143313 0.38277089030992606

-0.36189990964680274 0.9308400521160679 0.050648324495405725
-0.37416654039042113 -0.09527962686277028 -0.9224538973613557
-0.8538312804353676 -0.35278689046143313 0.38277089030992606

-0.36189990964680274 0.9308400521160679 0.050648324495405725
-0.37416654039042113 -0.09527962686277028 -0.9224538973613557
-0.8538312804353676 -0.35278689046143313 0.38277089030992606

-0.36189990964680274 0.9308400521160679 0.050648324495405725
-0.37416654039042113 -0.09527962686277028 -0.9224538973613557
-0.8538312804353676 -0.35278689046143313 0.38277089030992606

-0.36189990964680274 0.9308400521160679 0.050648324495405725
-0.37416654039042113 -0.09527962686277028 -0.9224538973613557
-0.8538312804353676 -0.35278689046143313 0.38277089030992606

-0.36189990964680274 0.9308400521160679 0.050648324495405725
-0.37416654039042113 -0.09527962686277028 -0.9224538973613557
-0.8538312804353676 -0.35278689046143313 0.38277089030992606

-0.36189990964680274 0.9308400521160679 0.050648324495405725
-0.37416654039042113 -0.09527962686277028 -0.9224538973613557
-0.8538312804353676 -0.35278689046143313 0.38277089030992606

-0.36189990964680274 0.9308400521160679 0.050648324495405725
-0.37416654039042113 -0.09527962686277028 -0.9224538973613557
-0.8538312804353676 -0.35278689046143313 0.38277089030992606

-0.36189990964680274 0.9308400521160679 0.050648324495405725
-0.37416654039042113 -0.09527962686277028 -0.9224538973613557
-0.8538312804353676 -0.35278689046143313 0.38277089030992606

-0.36189990964680274 0.9308400521160679 0.050648324495405725
-0.37416654039042113 -0.09527962686277028 -0.9224538973613557
-0.8538312804353676 -0.35278689046143313 0.38277089030992606

-0.36189990964680274 0.9308400521160679 0.050648324495405725
-0.37416654039042113 -0.09527962686277028 -0.9224538973613557
-0.8538312804353676 -0.35278689046143313 0.38277089030992606

-0.36189990964680274 0.9308400521160679 0.050648324495405725
-0.37416654039042113 -0.09527962686277028 -0.9224538973613557
-0.8538312804353676 -0.35278689046143313 0.38277089030992606

-0.36189990964680274 0.9308400521160679 0.050648324495405725
-0.37416654039042113 -0.09527962686277028 -0.9224538973613557
-0.8538312804353676 -0.35278689046143313 0.38277089030992606

-0.36189990964680274 0.9308400521160679 0.050648324495405725
-0.37416654039042113 -0.09527962686277028 -0.9224538973613557
-0.8538312804353676 -0.35278689046143313 0.38277089030992606

-0.36189990964680274 0.9308400521160679 0.050648324495405725
-0.37416654039042113 -0.09527962686277028 -0.9224538973613557
-0.8538312804353676 -0.35278689046143313 0.38277089030992606

-0.36189990964680274 0.9308400521160679 0.050648324495405725
-0.37416654039042113 -0.09527962686277028 -0.9224538973613557
-0.8538312804353676 -0.35278689046143313 0.38277089030992606

-0.36189990964680274 0.9308400521160679 0.050648324495405725
-0.37416654039042113 -0.09527962686277028 -0.9224538973613557
-0.8538312804353676 -0.35278689046143313 0.38277089030992606

-0.36189990964680274 0.9308400521160679 0.050648324495405725
-0.37416654039042113 -0.09527962686277028 -0.9224538973613557
-0.8538312804353676 -0.35278689046143313 0.38277089030992606

-0.36189990964680274 0.9308400521160679 0.050648324495405725
-0.37416654039042113 -0.09527962686277028 -0.9224538973613557
-0.8538312804353676 -0.35278689046143313 0.38277089030992606

-0.36189990964680274 0.9308400521160679 0.050648324495405725
-0.37416654039042113 -0.09527962686277028 -0.9224538973613557
-0.8538312804353676 -0.35278689046143313 0.38277089030992606

-0.36189990964680274 0.9308400521160679 0.050648324495405725
-0.37416654039042113 -0.09527962686277028 -0.9224538973613557
-0.8538312804353676 -0.35278689046143313 0.38277089030992606

-0.36189990964680274 0.9308400521160679 0.050648324495405725
-0.37416654039042113 -0.09527962686277028 -0.9224538973613557
-0.8538312804353676 -0.35278689046143313 0.38277089030992606

-0.36189990964680274 0.9308400521160679 0.050648324495405725
-0.37416654039042113 -0.09527962686277028 -0.9224538973613557
-0.8538312804353676 -0.35278689046143313 0.38277089030992606

-0.36189990964680274 0.9308400521160679 0.050648324495405725
-0.37416654039042113 -0.09527962686277028 -0.9224538973613557
-0.8538312804353676 -0.35278689046143313 0.38277089030992606

-0.36189990964680274 0.9308400521160679 0.050648324495405725
-0.37416654039042113 -0.09527962686277028 -0.9224538973613557
-0.8538312804353676 -0.35278689046143313 0.38277089030992606

-0.36189990964680274 0.9308400521160679 0.050648324495405725
-0.37416654039042113 -0.09527962686277028 -0.9224538973613557
-0.8538312804353676 -0.35278689046143313 0.38277089030992606

-0.36189990964680274 0.9308400521160679 0.050648324495405725
-0.37416654039042113 -0.09527962686277028 -0.9224538973613557
-0.8538312804353676 -0.35278689046143313 0.38277089030992606

-0.36189990964680274 0.9308400521160679 0.050648324495405725
-0.37416654039042113 -0.09527962686277028 -0.9224538973613557
-0.8538312804353676 -0.35278689046143313 0.38277089030992606

-0.36189990964680274 0.9308400521160679 0.050648324495405725
-0.37416654039042113 -0.09527962686277028 -0.9224538973613557
-0.8538312804353676 -0.35278689046143313 0.38277089030992606

-0.36189990964680274 0.9308400521160679 0.050648324495405725
-0.37416654039042113 -0.09527962686277028 -0.9224538973613557
-0.8538312804353676 -0.35278689046143313 0.38277089030992606

-0.36189990964680274 0.9308400521160679 0.050648324495405725
-0.37416654039042113 -0.09527962686277028 -0.9224538973613557
-0.8538312804353676 -0.35278689046143313 0.38277089030992606

-0.36189990964680274 0.9308400521160679 0.050648324495405725
-0.37416654039042113 -0.09527962686277028 -0.9224538973613557
-0.8538312804353676 -0.35278689046143313 0.38277089030992606

-0.36189990964680274 0.9308400521160679 0.050648324495405725
-0.37416654039042113 -0.09527962686277028 -0.9224538973613557
-0.8538312804353676 -0.35278689046143313 0.38277089030992606

-0.36189990964680274 0.9308400521160679 0.050648324495405725
-0.37416654039042113 -0.09527962686277028 -0.9224538973613557
-0.8538312804353676 -0.35278689046143313 0.38277089030992606

-0.36189990964680274 0.9308400521160679 0.050648324495405725
-0.37416654039042113 -0.09527962686277028 -0.9224538973613557
-0.8538312804353676 -0.35278689046143313 0.38277089030992606

-0.36189990964680274 0.9308400521160679 0.050648324495405725
-0.37416654039042113 -0.09527962686277028 -0.9224538973613557
-0.8538312804353676 -0.35278689046143313 0.38277089030992606

-0.36189990964680274 0.9308400521160679 0.050648324495405725
-0.37416654039042113 -0.09527962686277028 -0.9224538973613557
-0.8538312804353676 -0.35278689046143313 0.38277089030992606

-0.36189990964680274 0.9308400521160679 0.050648324495405725
-0.37416654039042113 -0.09527962686277028 -0.9224538973613557
-0.8538312804353676 -0.35278689046143313 0.38277089030992606

-0.36189990964680274 0.9308400521160679 0.050648324495405725
-0.37416654039042113 -0.09527962686277028 -0.9224538973613557
-0.8538312804353676 -0.35278689046143313 0.38277089030992606

-0.36189990964680274 0.9308400521160679 0.050648324495405725
-0.37416654039042113 -0.09527962686277028 -0.9224538973613557
-0.8538312804353676 -0.35278689046143313 0.38277089030992606

-0.36189990964680274 0.9308400521160679 0.050648324495405725
-0.37416654039042113 -0.09527962686277028 -0.9224538973613557
-0.8538312804353676 -0.35278689046143313 0.38277089030992606

-0.36189990964680274 0.9308400521160679 0.050648324495405725
-0.37416654039042113 -0.09527962686277028 -0.9224538973613557
-0.8538312804353676 -0.35278689046143313 0.38277089030992606

-0.36189990964680274 0.9308400521160679 0.050648324495405725
-0.37416654039042113 -0.09527962686277028 -0.9224538973613557
-0.8538312804353676 -0.35278689046143313 0.38277089030992606

-0.36189990964680274 0.9308400521160679 0.050648324495405725
-0.37416654039042113 -0.09527962686277028 -0.9224538973613557
-0.8538312804353676 -0.35278689046143313 0.38277089030992606

-0.36189990964680274 0.9308400521160679 0.050648324495405725
-0.37416654039042113 -0.09527962686277028 -0.9224538973613557
-0.8538312804353676 -0.35278689046143313 0.38277089030992606

-0.36189990964680274 0.9308400521160679 0.050648324495405725
-0.37416654039042113 -0.09527962686277028 -0.9224538973613557
-0.8538312804353676 -0.35278689046143313 0.38277089030992606

-0.36189990964680274 0.9308400521160679 0.050648324495405725
-0.37416654039042113 -0.09527962686277028 -0.9224538973613557
-0.8538312804353676 -0.35278689046143313 0.38277089030992606

-0.36189990964680274 0.9308400521160679 0.050648324495405725
-0.37416654039042113 -0.09527962686277028 -0.9224538973613557
-0.8538312804353676 -0.35278689046143313 0.38277089030992606

-0.36189990964680274 0.9308400521160679 0.050648324495405725
-0.37416654039042113 -0.09527962686277028 -0.9224538973613557
-0.8538312804353676 -0.35278689046143313 0.38277089030992606

-0.36189990964680274 0.9308400521160679 0.050648324495405725
-0.37416654039042113 -0.09527962686277028 -0.9224538973613557
-0.8538312804353676 -0.35278689046143313 0.38277089030992606

-0.36189990964680274 0.9308400521160679 0.050648324495405725
-0.37416654039042113 -0.09527962686277028 -0.9224538973613557
-0.8538312804353676 -0.35278689046143313 0.38277089030992606

-0.36189990964680274 0.9308400521160679 0.050648324495405725
-0.37416654039042113 -0.09527962686277028 -0.9224538973613557
-0.8538312804353676 -0.35278689046143313 0.38277089030992606

-0.36189990964680274 0.9308400521160679 0.050648324495405725
-0.37416654039042113 -0.09527962686277028 -0.9224538973613557
-0.8538312804353676 -0.35278689046143313 0.38277089030992606

-0.36189990964680274 0.9308400521160679 0.050648324495405725
-0.37416654039042113 -0.09527962686277028 -0.9224538973613557
-0.8538312804353676 -0.35278689046143313 0.38277089030992606

-0.36189990964680274 0.9308400521160679 0.050648324495405725
-0.37416654039042113 -0.09527962686277028 -0.9224538973613557
-0.8538312804353676 -0.35278689046143313 0.38277089030992606

-0.36189990964680274 0.9308400521160679 0.050648324495405725
-0.37416654039042113 -0.09527962686277028 -0.9224538973613557
-0.8538312804353676 -0.35278689046143313 0.38277089030992606

-0.36189990964680274 0.9308400521160679 0.050648324495405725
-0.37416654039042113 -0.09527962686277028 -0.9224538973613557
-0.8538312804353676 -0.35278689046143313 0.38277089030992606

-0.36189990964680274 0.9308400521160679 0.050648324495405725
-0.37416654039042113 -0.09527962686277028 -0.9224538973613557
-0.8538312804353676 -0.35278689046143313 0.38277089030992606

-0.36189990964680274 0.9308400521160679 0.050648324495405725
-0.37416654039042113 -0.09527962686277028 -0.9224538973613557
-0.8538312804353676 -0.35278689046143313 0.38277089030992606

-0.36189990964680274 0.9308400521160679 0.050648324495405725
-0.37416654039042113 -0.09527962686277028 -0.9224538973613557
-0.8538312804353676 -0.35278689046143313 0.38277089030992606

-0.36189990964680274 0.9308400521160679 0.050648324495405725
-0.37416654039042113 -0.09527962686277028 -0.9224538973613557
-0.8538312804353676 -0.35278689046143313 0.38277089030992606

-0.36189990964680274 0.9308400521160679 0.050648324495405725
-0.37416654039042113 -0.09527962686277028 -0.9224538973613557
-0.8538312804353676 -0.35278689046143313 0.38277089030992606

-0.36189990964680274 0.9308400521160679 0.050648324495405725
-0.37416654039042113 -0.09527962686277028 -0.9224538973613557
-0.8538312804353676 -0.35278689046143313 0.38277089030992606

-0.36189990964680274 0.9308400521160679 0.050648324495405725
-0.37416654039042113 -0.09527962686277028 -0.9224538973613557
-0.8538312804353676 -0.35278689046143313 0.38277089030992606

-0.36189990964680274 0.9308400521160679 0.050648324495405725
-0.37416654039042113 -0.09527962686277028 -0.9224538973613557
-0.8538312804353676 -0.35278689046143313 0.38277089030992606

-0.36189990964680274 0.9308400521160679 0.050648324495405725
-0.37416654039042113 -0.09527962686277028 -0.9224538973613557
-0.8538312804353676 -0.35278689046143313 0.38277089030992606

-0.36189990964680274 0.9308400521160679 0.050648324495405725
-0.37416654039042113 -0.09527962686277028 -0.9224538973613557
-0.8538312804353676 -0.35278689046143313 0.38277089030992606

-0.36189990964680274 0.9308400521160679 0.050648324495405725
-0.37416654039042113 -0.09527962686277028 -0.9224538973613557
-0.8538312804353676 -0.35278689046143313 0.38277089030992606

-0.36189990964680274 0.9308400521160679 0.050648324495405725
-0.37416654039042113 -0.09527962686277028 -0.9224538973613557
-0.8538312804353676 -0.35278689046143313 0.38277089030992606

-0.36189990964680274 0.9308400521160679 0.050648324495405725
-0.37416654039042113 -0.09527962686277028 -0.9224538973613557
-0.8538312804353676 -0.35278689046143313 0.38277089030992606

-0.36189990964680274 0.9308400521160679 0.050648324495405725
-0.37416654039042113 -0.09527962686277028 -0.9224538973613557
-0.8538312804353676 -0.35278689046143313 0.38277089030992606

-0.36189990964680274 0.9308400521160679 0.050648324495405725
-0.37416654039042113 -0.09527962686277028 -0.9224538973613557
-0.8538312804353676 -0.35278689046143313 0.38277089030992606

-0.36189990964680274 0.9308400521160679 0.050648324495405725
-0.37416654039042113 -0.09527962686277028 -0.9224538973613557
-0.8538312804353676 -0.35278689046143313 0.38277089030992606

-0.36189990964680274 0.9308400521160679 0.050648324495405725
-0.37416654039042113 -0.09527962686277028 -0.9224538973613557
-0.8538312804353676 -0.35278689046143313 0.38277089030992606

-0.36189990964680274 0.9308400521160679 0.050648324495405725
-0.37416654039042113 -0.09527962686277028 -0.9224538973613557
-0.8538312804353676 -0.35278689046143313 0.38277089030992606

-0.36189990964680274 0.9308400521160679 0.050648324495405725
-0.37416654039042113 -0.09527962686277028 -0.9224538973613557
-0.8538312804353676 -0.35278689046143313 0.38277089030992606

-0.36189990964680274 0.9308400521160679 0.050648324495405725
-0.37416654039042113 -0.09527962686277028 -0.9224538973613557
-0.8538312804353676 -0.35278689046143313 0.38277089030992606

-0.36189990964680274 0.9308400521160679 0.050648324495405725
-0.37416654039042113 -0.09527962686277028 -0.9224538973613557
-0.8538312804353676 -0.35278689046143313 0.38277089030992606

-0.36189990964680274 0.9308400521160679 0.050648324495405725
-0.37416654039042113 -0.09527962686277028 -0.9224538973613557
-0.8538312804353676 -0.35278689046143313 0.38277089030992606

-0.36189990964680274 0.9308400521160679 0.050648324495405725
-0.37416654039042113 -0.09527962686277028 -0.9224538973613557
-0.8538312804353676 -0.35278689046143313 0.38277089030992606

-0.36189990964680274 0.9308400521160679 0.050648324495405725
-0.37416654039042113 -0.09527962686277028 -0.9224538973613557
-0.8538312804353676 -0.35278689046143313 0.38277089030992606

-0.36189990964680274 0.9308400521160679 0.050648324495405725
-0.37416654039042113 -0.09527962686277028 -0.9224538973613557
-0.8538312804353676 -0.35278689046143313 0.38277089030992606

-0.36189990964680274 0.9308400521160679 0.050648324495405725
-0.37416654039042113 -0.09527962686277028 -0.9224538973613557
-0.8538312804353676 -0.35278689046143313 0.38277089030992606

-0.36189990964680274 0.9308400521160679 0.050648324495405725
-0.37416654039042113 -0.09527962686277028 -0.9224538973613557
-0.8538312804353676 -0.35278689046143313 0.38277089030992606

-0.36189990964680274 0.9308400521160679 0.050648324495405725
-0.37416654039042113 -0.09527962686277028 -0.9224538973613557
-0.8538312804353676 -0.35278689046143313 0.38277089030992606

-0.36189990964680274 0.9308400521160679 0.050648324495405725
-0.37416654039042113 -0.09527962686277028 -0.9224538973613557
-0.8538312804353676 -0.35278689046143313 0.38277089030992606

-0.36189990964680274 0.9308400521160679 0.050648324495405725
-0.37416654039042113 -0.09527962686277028 -0.9224538973613557
-0.8538312804353676 -0.35278689046143313 0.38277089030992606

-0.36189990964680274 0.9308400521160679 0.050648324495405725
-0.37416654039042113 -0.09527962686277028 -0.9224538973613557
-0.8538312804353676 -0.35278689046143313 0.38277089030992606

-0.36189990964680274 0.9308400521160679 0.050648324495405725
-0.37416654039042113 -0.09527962686277028 -0.9224538973613557
-0.8538312804353676 -0.35278689046143313 0.38277089030992606

-0.36189990964680274 0.9308400521160679 0.050648324495405725
-0.37416654039042113 -0.09527962686277028 -0.9224538973613557
-0.8538312804353676 -0.35278689046143313 0.38277089030992606

-0.36189990964680274 0.9308400521160679 0.050648324495405725
-0.37416654039042113 -0.09527962686277028 -0.9224538973613557
-0.8538312804353676 -0.35278689046143313 0.38277089030992606

-0.36189990964680274 0.9308400521160679 0.050648324495405725
-0.37416654039042113 -0.09527962686277028 -0.9224538973613557
-0.8538312804353676 -0.35278689046143313 0.38277089030992606

-0.36189990964680274 0.9308400521160679 0.050648324495405725
-0.37416654039042113 -0.09527962686277028 -0.9224538973613557
-0.8538312804353676 -0.35278689046143313 0.38277089030992606

-0.36189990964680274 0.9308400521160679 0.050648324495405725
-0.37416654039042113 -0.09527962686277028 -0.9224538973613557
-0.8538312804353676 -0.35278689046143313 0.38277089030992606

-0.36189990964680274 0.9308400521160679 0.050648324495405725
-0.37416654039042113 -0.09527962686277028 -0.9224538973613557
-0.8538312804353676 -0.35278689046143313 0.38277089030992606

-0.36189990964680274 0.9308400521160679 0.050648324495405725
-0.37416654039042113 -0.09527962686277028 -0.9224538973613557
-0.8538312804353676 -0.35278689046143313 0.38277089030992606

-0.36189990964680274 0.9308400521160679 0.050648324495405725
-0.37416654039042113 -0.09527962686277028 -0.9224538973613557
-0.8538312804353676 -0.35278689046143313 0.38277089030992606

-0.36189990964680274 0.9308400521160679 0.050648324495405725
-0.37416654039042113 -0.09527962686277028 -0.9224538973613557
-0.8538312804353676 -0.35278689046143313 0.38277089030992606

-0.36189990964680274 0.9308400521160679 0.050648324495405725
-0.37416654039042113 -0.09527962686277028 -0.9224538973613557
-0.8538312804353676 -0.35278689046143313 0.38277089030992606

-0.36189990964680274 0.9308400521160679 0.050648324495405725
-0.37416654039042113 -0.09527962686277028 -0.9224538973613557
-0.8538312804353676 -0.35278689046143313 0.38277089030992606

-0.36189990964680274 0.9308400521160679 0.050648324495405725
-0.37416654039042113 -0.09527962686277028 -0.9224538973613557
-0.8538312804353676 -0.35278689046143313 0.38277089030992606

-0.36189990964680274 0.9308400521160679 0.050648324495405725
-0.37416654039042113 -0.09527962686277028 -0.9224538973613557
-0.8538312804353676 -0.35278689046143313 0.38277089030992606

-0.36189990964680274 0.9308400521160679 0.050648324495405725
-0.37416654039042113 -0.09527962686277028 -0.9224538973613557
-0.8538312804353676 -0.35278689046143313 0.38277089030992606

-0.36189990964680274 0.9308400521160679 0.050648324495405725
-0.37416654039042113 -0.09527962686277028 -0.9224538973613557
-0.8538312804353676 -0.35278689046143313 0.38277089030992606

-0.36189990964680274 0.9308400521160679 0.050648324495405725
-0.37416654039042113 -0.09527962686277028 -0.9224538973613557
-0.8538312804353676 -0.35278689046143313 0.38277089030992606

-0.36189990964680274 0.9308400521160679 0.050648324495405725
-0.37416654039042113 -0.09527962686277028 -0.9224538973613557
-0.8538312804353676 -0.35278689046143313 0.38277089030992606

-0.36189990964680274 0.9308400521160679 0.050648324495405725
-0.37416654039042113 -0.09527962686277028 -0.9224538973613557
-0.8538312804353676 -0.35278689046143313 0.38277089030992606

-0.36189990964680274 0.9308400521160679 0.050648324495405725
-0.37416654039042113 -0.09527962686277028 -0.9224538973613557
-0.8538312804353676 -0.35278689046143313 0.38277089030992606

-0.36189990964680274 0.9308400521160679 0.050648324495405725
-0.37416654039042113 -0.09527962686277028 -0.9224538973613557
-0.8538312804353676 -0.35278689046143313 0.38277089030992606

-0.36189990964680274 0.9308400521160679 0.050648324495405725
-0.37416654039042113 -0.09527962686277028 -0.9224538973613557
-0.8538312804353676 -0.35278689046143313 0.38277089030992606

-0.36189990964680274 0.9308400521160679 0.050648324495405725
-0.37416654039042113 -0.09527962686277028 -0.9224538973613557
-0.8538312804353676 -0.35278689046143313 0.38277089030992606

-0.36189990964680274 0.9308400521160679 0.050648324495405725
-0.37416654039042113 -0.09527962686277028 -0.9224538973613557
-0.8538312804353676 -0.35278689046143313 0.38277089030992606

-0.36189990964680274 0.9308400521160679 0.050648324495405725
-0.37416654039042113 -0.09527962686277028 -0.9224538973613557
-0.8538312804353676 -0.35278689046143313 0.38277089030992606

-0.36189990964680274 0.9308400521160679 0.050648324495405725
-0.37416654039042113 -0.09527962686277028 -0.9224538973613557
-0.8538312804353676 -0.35278689046143313 0.38277089030992606

-0.36189990964680274 0.9308400521160679 0.050648324495405725
-0.37416654039042113 -0.09527962686277028 -0.9224538973613557
-0.8538312804353676 -0.35278689046143313 0.38277089030992606

-0.36189990964680274 0.9308400521160679 0.050648324495405725
-0.37416654039042113 -0.09527962686277028 -0.9224538973613557
-0.8538312804353676 -0.35278689046143313 0.38277089030992606

-0.36189990964680274 0.9308400521160679 0.050648324495405725
-0.37416654039042113 -0.09527962686277028 -0.9224538973613557
-0.8538312804353676 -0.35278689046143313 0.38277089030992606

-0.36189990964680274 0.9308400521160679 0.050648324495405725
-0.37416654039042113 -0.09527962686277028 -0.9224538973613557
-0.8538312804353676 -0.35278689046143313 0.38277089030992606

-0.36189990964680274 0.9308400521160679 0.050648324495405725
-0.37416654039042113 -0.09527962686277028 -0.9224538973613557
-0.8538312804353676 -0.35278689046143313 0.38277089030992606

-0.36189990964680274 0.9308400521160679 0.050648324495405725
-0.37416654039042113 -0.09527962686277028 -0.9224538973613557
-0.8538312804353676 -0.35278689046143313 0.38277089030992606

-0.36189990964680274 0.9308400521160679 0.050648324495405725
-0.37416654039042113 -0.09527962686277028 -0.9224538973613557
-0.8538312804353676 -0.35278689046143313 0.38277089030992606

-0.36189990964680274 0.9308400521160679 0.050648324495405725
-0.37416654039042113 -0.09527962686277028 -0.9224538973613557
-0.8538312804353676 -0.35278689046143313 0.38277089030992606

-0.36189990964680274 0.9308400521160679 0.050648324495405725
-0.37416654039042113 -0.09527962686277028 -0.9224538973613557
-0.8538312804353676 -0.35278689046143313 0.38277089030992606

-0.36189990964680274 0.9308400521160679 0.050648324495405725
-0.37416654039042113 -0.09527962686277028 -0.9224538973613557
-0.8538312804353676 -0.35278689046143313 0.38277089030992606

-0.36189990964680274 0.9308400521160679 0.050648324495405725
-0.37416654039042113 -0.09527962686277028 -0.9224538973613557
-0.8538312804353676 -0.35278689046143313 0.38277089030992606

-0.36189990964680274 0.9308400521160679 0.050648324495405725
-0.37416654039042113 -0.09527962686277028 -0.9224538973613557
-0.8538312804353676 -0.35278689046143313 0.38277089030992606

-0.36189990964680274 0.9308400521160679 0.050648324495405725
-0.37416654039042113 -0.09527962686277028 -0.9224538973613557
-0.8538312804353676 -0.35278689046143313 0.38277089030992606

-0.36189990964680274 0.9308400521160679 0.050648324495405725
-0.37416654039042113 -0.09527962686277028 -0.9224538973613557
-0.8538312804353676 -0.35278689046143313 0.38277089030992606

-0.36189990964680274 0.9308400521160679 0.050648324495405725
-0.37416654039042113 -0.09527962686277028 -0.9224538973613557
-0.8538312804353676 -0.35278689046143313 0.38277089030992606

-0.36189990964680274 0.9308400521160679 0.050648324495405725
-0.37416654039042113 -0.09527962686277028 -0.9224538973613557
-0.8538312804353676 -0.35278689046143313 0.38277089030992606

-0.36189990964680274 0.9308400521160679 0.050648324495405725
-0.37416654039042113 -0.09527962686277028 -0.9224538973613557
-0.8538312804353676 -0.35278689046143313 0.38277089030992606

-0.36189990964680274 0.9308400521160679 0.050648324495405725
-0.37416654039042113 -0.09527962686277028 -0.9224538973613557
-0.8538312804353676 -0.35278689046143313 0.38277089030992606

-0.36189990964680274 0.9308400521160679 0.050648324495405725
-0.37416654039042113 -0.09527962686277028 -0.9224538973613557
-0.8538312804353676 -0.35278689046143313 0.38277089030992606

-0.36189990964680274 0.9308400521160679 0.050648324495405725
-0.37416654039042113 -0.09527962686277028 -0.9224538973613557
-0.8538312804353676 -0.35278689046143313 0.38277089030992606

-0.36189990964680274 0.9308400521160679 0.050648324495405725
-0.37416654039042113 -0.09527962686277028 -0.9224538973613557
-0.8538312804353676 -0.35278689046143313 0.38277089030992606

-0.36189990964680274 0.9308400521160679 0.050648324495405725
-0.37416654039042113 -0.09527962686277028 -0.9224538973613557
-0.8538312804353676 -0.35278689046143313 0.38277089030992606

-0.36189990964680274 0.9308400521160679 0.050648324495405725
-0.37416654039042113 -0.09527962686277028 -0.9224538973613557
-0.8538312804353676 -0.35278689046143313 0.38277089030992606

-0.36189990964680274 0.9308400521160679 0.050648324495405725
-0.37416654039042113 -0.09527962686277028 -0.9224538973613557
